250
244 246 11712
239 240 10616
238 245 06142
235 238 07048
233 240 07634
232 248 10223
231 248 10699
229 249 10098
228 241 01473
226 231 07638
223 242 10184
223 249 10898
222 225 09842
220 247 10309
219 221 06535
218 224 05993
218 227 09192
217 232 09613
216 232 08738
214 219 04104
214 221 10444
213 235 09305
213 238 10707
212 214 09024
212 219 08099
212 221 08320
212 244 04321
211 222 06192
211 225 10649
210 212 05813
210 214 07099
210 219 03728
210 221 03659
210 244 10062
209 211 01269
209 222 07357
209 225 11652
208 226 04662
208 231 08821
207 210 03158
207 212 05667
207 214 10119
207 219 06878
207 221 02902
207 244 09218
206 209 11467
205 207 10606
205 210 07932
205 214 07345
205 219 05157
205 221 08879
204 222 09626
204 225 05003
204 231 11432
203 249 04148
202 204 04207
202 209 10956
202 211 09692
202 222 05440
202 225 06056
201 216 11363
201 217 11118
201 232 03557
201 248 06668
200 203 05651
200 223 09984
200 249 06335
199 237 06767
198 223 09036
198 242 03037
197 230 09937
196 205 05718
196 214 08233
196 219 08903
195 238 11390
195 245 09286
194 220 11551
193 243 09306
192 243 07897
191 202 06216
191 204 07061
191 222 09234
191 225 11446
191 231 11935
190 220 04330
190 247 06680
189 200 11303
189 203 05779
189 220 09403
189 249 08557
188 230 05191
188 233 08575
188 240 09560
187 208 06557
187 226 03660
187 231 04215
187 248 11716
186 189 05775
186 203 10305
186 249 11195
185 201 06956
185 232 10259
185 248 02896
184 188 07566
184 197 05351
184 230 04691
183 215 03017
182 198 07870
182 223 08452
182 242 10811
181 184 08764
181 188 10778
181 196 11674
181 230 05963
180 213 03355
179 193 10256
179 212 09146
179 244 07050
178 236 02867
177 186 03537
177 189 03512
177 203 06820
177 249 07806
176 191 02089
176 202 04299
176 204 06123
176 222 07243
176 225 09939
175 246 03569
174 179 09292
174 192 07813
174 243 07415
172 180 08119
172 197 09121
172 213 05932
172 235 07388
171 172 06889
171 180 10106
171 213 06758
171 235 03106
171 238 05664
171 245 11526
170 182 06422
170 198 10237
170 223 03653
170 229 10924
170 249 11264
169 177 08571
169 186 05624
169 189 08899
169 190 09320
169 220 10104
168 187 04080
168 204 11515
168 208 08885
168 226 07555
168 231 00268
168 248 10481
167 224 07521
166 236 09479
165 171 11685
165 172 09828
165 180 01756
165 191 10673
165 213 05003
164 190 07043
164 194 07229
164 220 05001
164 247 09969
163 202 09825
163 209 02235
163 211 01708
163 222 05489
163 225 11682
162 192 09472
161 169 10571
161 177 07299
161 186 06124
161 189 10748
161 229 10509
161 249 11843
160 168 06839
160 176 06571
160 187 10794
160 191 05410
160 202 08639
160 204 06352
160 225 11314
160 231 06647
159 234 05490
159 239 10493
158 170 05722
158 200 07196
158 203 09121
158 223 05291
158 229 09925
158 249 05734
157 181 05473
157 184 04716
157 188 10501
157 197 07152
157 230 05597
156 196 08377
156 205 05088
156 207 07567
156 210 04409
156 212 08418
156 214 03435
156 219 00745
156 221 07280
155 165 05001
155 171 07487
155 172 04996
155 180 03246
155 197 11679
155 213 01559
155 235 09681
155 238 11940
154 171 08024
154 195 11016
154 235 09296
154 238 02365
154 245 04011
153 228 05583
153 241 04247
152 179 10233
152 207 08799
152 210 10636
152 212 05852
152 221 11655
152 244 03365
152 246 09510
151 168 09264
151 187 06861
151 208 00391
151 226 04792
151 231 09202
150 164 09115
150 169 06638
150 177 08428
150 186 08087
150 189 06046
150 190 06182
150 203 11351
150 220 04158
149 163 07447
149 206 10265
149 209 05363
149 211 05830
149 222 11405
149 225 10995
148 157 01712
148 181 05620
148 184 03398
148 188 08809
148 197 07085
148 230 04043
147 162 09416
147 166 11877
146 218 06252
146 224 11387
146 227 04560
145 146 10595
144 168 09650
144 185 03018
144 187 11380
144 201 08140
144 204 11540
144 231 09846
144 232 11686
144 248 01527
143 152 07831
143 175 10421
143 179 08905
143 193 06865
143 212 11875
143 244 07554
143 246 07590
142 154 11701
142 155 04818
142 165 04797
142 171 08119
142 172 09299
142 180 04124
142 195 08901
142 213 03433
142 235 11123
142 238 10237
140 147 04712
140 162 10969
139 156 06665
139 196 04593
139 205 01814
139 210 09743
139 214 08428
139 219 06833
139 221 10596
138 151 11903
138 188 10136
138 226 11064
138 233 09598
138 239 11352
138 240 02076
137 145 11708
137 146 03524
137 183 11008
137 215 11222
137 218 04325
137 224 10278
137 227 07930
136 159 02310
136 234 03185
135 141 06693
135 181 07362
135 230 11174
134 137 10296
134 145 10314
134 146 06821
134 227 03986
133 166 06778
132 154 08146
132 171 07460
132 235 05508
132 238 06935
131 143 05854
131 179 09728
131 193 01012
131 243 10112
130 194 05825
130 234 11697
129 133 07141
129 147 08531
129 166 03392
129 178 11909
129 236 09707
128 136 11358
128 159 09153
128 173 11948
128 239 01726
126 183 08912
126 215 05899
125 148 04208
125 157 02917
125 172 11220
125 181 08041
125 184 05816
125 197 05633
125 230 08248
124 142 06118
124 155 01487
124 165 05177
124 171 08584
124 172 04713
124 180 03552
124 197 10321
124 213 03033
124 235 10482
123 175 07983
123 246 10306
122 139 01217
122 156 05505
122 196 05144
122 205 00647
122 207 11241
122 210 08536
122 214 07516
122 219 05638
122 221 09525
121 158 08749
121 170 03464
121 182 03939
121 198 07031
121 223 04530
121 242 09371
120 145 09428
120 161 09789
120 229 08292
119 120 10342
119 134 04953
119 137 09676
119 145 05361
119 146 07143
119 227 07465
118 124 06300
118 142 11650
118 151 10687
118 155 07746
118 165 08159
118 172 08663
118 180 07699
118 184 11388
118 197 06902
118 208 10634
118 213 09204
117 140 10873
117 147 11794
117 167 09427
117 178 06290
117 236 08473
116 164 04060
116 190 07925
116 194 08583
116 220 08021
116 247 07638
115 153 05126
115 228 08124
115 241 06730
114 163 05526
114 176 08339
114 191 10158
114 202 07319
114 204 11526
114 209 07685
114 211 06713
114 222 02060
114 225 11896
113 121 05379
113 158 09842
113 170 07229
113 182 08536
113 198 05009
113 223 04665
113 242 05551
112 128 09960
112 136 05632
112 159 04347
112 234 08047
112 239 10722
110 122 05351
110 139 06016
110 156 03963
110 196 05323
110 205 05391
110 207 11522
110 210 08364
110 212 11550
110 214 02920
110 219 04680
110 221 11114
109 126 09332
109 137 05083
109 146 08420
109 183 06517
109 215 06179
109 218 07179
108 110 06803
108 122 08214
108 135 11644
108 139 07724
108 156 10525
108 181 10766
108 196 03132
108 205 08755
108 214 09401
108 219 11157
107 130 11436
107 173 08976
107 200 08254
107 203 11594
106 123 11362
106 131 02227
106 143 06821
106 179 11930
106 193 02119
106 243 10940
106 246 11883
105 106 01034
105 123 10392
105 131 03234
105 143 07217
105 193 03141
105 243 11674
105 246 11604
104 144 08161
104 185 07936
104 201 02597
104 217 09568
104 232 04888
104 248 06640
103 174 03708
103 192 04287
103 243 05731
102 138 09831
102 187 09374
102 226 07775
102 240 11740
101 108 05491
101 110 07783
101 122 05090
101 125 10521
101 139 03983
101 156 09930
101 157 10869
101 181 10336
101 196 03115
101 205 05734
101 214 10662
101 219 10279
100 103 06580
100 133 08099
100 174 06827
100 192 07056
99 129 10765
99 140 05150
99 147 03171
99 162 06455
98 117 11425
98 178 05183
98 236 04433
97 144 07138
97 160 08756
97 168 10904
97 176 10973
97 185 07779
97 191 11562
97 202 08870
97 204 04951
97 225 05664
97 231 10938
97 248 08598
96 199 01569
96 237 06553
95 115 09423
95 153 11710
95 216 11785
94 141 08070
94 198 09053
94 242 09095
93 97 07550
93 144 08371
93 160 04360
93 168 03641
93 176 10570
93 185 11051
93 187 07640
93 191 09704
93 202 11502
93 204 07908
93 226 11188
93 231 03594
93 248 09608
92 122 11702
92 132 07972
92 139 11349
92 171 08961
92 172 09296
92 205 11628
92 235 06040
91 109 06129
91 119 09388
91 134 09544
91 137 01061
91 145 11905
91 146 02723
91 218 04088
91 224 09863
91 227 06960
90 113 11828
90 173 06973
90 233 10517
90 242 10115
89 116 06089
89 127 10682
89 130 10584
89 164 07494
89 194 05110
88 98 08567
88 182 09779
87 111 11190
87 130 03684
87 136 10342
87 194 08273
87 234 08302
86 108 11578
86 135 10345
86 141 05640
85 152 10662
85 175 11147
85 246 09698
84 100 09532
84 103 05747
84 106 11963
84 131 10014
84 174 02770
84 179 06994
84 192 10034
84 193 09844
84 243 07221
83 95 11982
83 104 08511
83 201 09238
83 217 03695
83 232 06812
82 85 04344
82 152 06590
82 175 11914
82 207 10290
82 212 10888
82 244 09913
82 246 09265
81 119 08225
81 134 04508
81 146 11254
81 227 07588
81 229 10166
80 97 08938
80 149 09615
80 202 11386
80 204 10423
80 225 05577
79 84 09700
79 110 11633
79 174 10110
79 179 07431
79 212 11328
79 214 09294
78 112 10817
78 128 03633
78 138 09955
78 159 11389
78 239 02065
78 240 09536
77 78 10966
77 102 02737
77 138 07171
77 151 11765
77 187 10655
77 208 11848
77 226 08175
77 240 09031
76 95 07370
76 115 03658
76 153 04395
76 228 09469
76 241 08004
75 89 03394
75 116 02706
75 164 04846
75 190 10387
75 194 06452
75 220 09669
75 247 10191
74 109 10730
74 126 07749
74 183 05190
74 215 04643
73 120 10775
73 145 09149
72 107 11731
72 150 08210
72 177 06434
72 186 09359
72 189 03706
72 200 08158
72 203 03470
72 220 10329
72 249 07452
71 135 10448
71 148 09121
71 157 10574
71 181 08837
71 184 09326
71 188 03894
71 230 05108
71 233 07728
71 240 11683
70 79 01576
70 84 08129
70 100 11309
70 174 08574
70 179 06528
70 212 11795
70 214 10735
70 244 11957
69 107 05640
69 128 11896
69 173 05282
68 114 06736
68 160 10388
68 165 10769
68 176 04396
68 191 04982
68 202 07329
68 204 10336
68 222 06811
67 83 07338
67 112 11331
67 217 04501
66 149 07561
66 206 05154
66 209 11107
65 71 06843
65 125 10535
65 138 11370
65 148 07162
65 151 10304
65 157 08838
65 181 10922
65 184 04790
65 188 03552
65 197 09301
65 208 10677
65 230 05007
65 240 11415
64 91 04394
64 109 06144
64 119 06813
64 134 09237
64 137 03977
64 145 07791
64 146 04384
64 183 09898
64 215 11174
64 218 08298
64 227 08490
63 96 02231
63 199 01821
63 237 04962
62 71 10901
62 78 11140
62 90 08635
62 128 11744
62 138 09478
62 188 11357
62 233 03192
62 239 10804
62 240 07405
61 87 05163
61 89 09050
61 111 06739
61 130 06867
61 194 07466
61 234 10977
60 63 06637
60 96 05690
60 111 08712
60 199 04868
60 237 11595
59 80 06845
59 97 06442
59 144 08084
59 185 06135
59 204 10796
59 225 08326
59 248 08763
58 68 04795
58 114 01947
58 163 07425
58 176 06845
58 191 08507
58 202 06778
58 204 10891
58 209 09540
58 211 08501
58 222 02759
57 65 06750
57 118 08024
57 125 06349
57 148 06092
57 151 10773
57 157 06773
57 172 11673
57 181 11710
57 184 03368
57 188 10123
57 197 02583
57 208 11002
57 230 08049
56 73 05918
56 119 11916
56 120 05027
56 145 08552
56 161 11851
55 67 08505
55 78 08955
55 112 04590
55 128 09745
55 136 10111
55 159 08414
55 217 11852
55 239 09744
54 99 08037
54 117 08936
54 140 02922
54 147 07003
53 56 05542
53 73 10372
53 81 11179
53 119 07620
53 120 02782
53 134 10851
53 145 06902
53 229 09315
52 77 10533
52 93 09973
52 102 10130
52 151 03422
52 168 06388
52 187 03447
52 208 03135
52 226 02384
52 231 06392
51 70 07990
51 79 06984
51 86 10847
51 110 11491
51 133 11676
51 214 10713
50 59 04226
50 80 10173
50 97 10154
50 104 11784
50 144 08851
50 185 05942
50 201 09673
50 232 11667
50 248 08802
49 59 08296
49 80 08196
49 93 08739
49 97 03121
49 144 10234
49 160 08334
49 176 08610
49 185 10833
49 191 09628
49 202 05875
49 204 02568
49 222 10927
49 225 03314
49 248 11708
48 50 09958
48 83 08782
48 104 06005
48 144 11407
48 185 09500
48 201 03841
48 216 07531
48 217 11710
48 232 02109
48 248 10057
47 64 10444
47 91 06658
47 109 07505
47 137 06569
47 146 09071
47 167 11422
47 218 02914
47 224 05238
46 161 07892
46 169 06854
46 177 11118
46 186 07689
45 48 11127
45 67 06225
45 76 11037
45 83 02906
45 95 10135
45 104 11417
45 217 04535
45 232 09323
44 49 02107
44 59 09573
44 68 11930
44 80 10281
44 93 06793
44 97 03365
44 144 09765
44 160 06268
44 168 10433
44 176 07613
44 185 10945
44 191 08240
44 202 05971
44 204 01774
44 222 11370
44 225 05336
44 231 10384
44 248 11288
43 82 08576
43 152 08933
43 156 10122
43 207 02708
43 210 05763
43 212 07554
43 219 09405
43 221 03765
43 244 10274
42 86 09639
42 101 09688
42 108 06664
42 135 05008
42 141 08880
42 157 11467
42 181 06506
42 196 09113
41 81 11854
41 88 06374
41 121 07816
41 170 09973
41 182 03878
41 198 10323
40 75 07166
40 89 10329
40 116 05100
40 150 07051
40 164 03395
40 190 03649
40 194 10624
40 220 03150
40 247 07741
39 66 05590
39 80 10277
39 149 05382
39 206 10412
39 209 10654
39 211 11209
38 74 06907
38 109 09245
38 126 00845
38 183 08279
38 215 05290
37 76 02674
37 95 09352
37 115 01398
37 153 03846
37 228 07596
37 241 06139
36 41 05329
36 88 01841
36 98 08515
36 182 09055
35 36 08804
35 41 10606
35 88 07142
35 94 06254
35 141 11388
35 198 10645
34 53 08565
34 56 04399
34 73 01812
34 120 09075
34 145 07784
33 58 09102
33 114 08593
33 163 10678
33 222 10644
32 52 07988
32 77 11466
32 93 07410
32 102 09251
32 104 10076
32 144 07333
32 151 11408
32 160 11627
32 168 05434
32 185 10165
32 187 04594
32 201 11801
32 208 11121
32 226 07421
32 231 05700
32 248 07367
31 37 09487
31 115 08730
31 153 10769
31 228 07913
31 241 07871
30 43 10126
30 70 10835
30 79 10818
30 82 10926
30 143 08740
30 152 04565
30 156 11364
30 179 06570
30 207 08708
30 210 09124
30 212 03314
30 214 11280
30 219 11146
30 221 11496
30 244 01475
29 47 02921
29 64 10752
29 91 06429
29 109 09440
29 137 06803
29 146 08191
29 167 10821
29 218 02524
29 224 03477
29 227 10208
28 35 10487
28 41 10902
28 94 08477
28 113 05483
28 121 07801
28 170 10987
28 182 08584
28 198 00775
28 223 09677
28 242 02503
27 62 07419
27 65 07207
27 71 05107
27 138 07814
27 184 11544
27 188 03989
27 230 08817
27 233 04883
27 240 06581
26 55 09933
26 77 03854
26 78 09413
26 102 04190
26 138 09654
26 217 11910
26 226 11644
26 239 11461
26 240 11097
25 60 03405
25 63 09366
25 96 08879
25 111 05309
25 199 07779
24 39 07951
24 66 08457
24 80 11814
24 114 10397
24 149 02915
24 163 05034
24 206 09602
24 209 02802
24 211 03696
24 222 09835
24 225 11996
23 33 06032
23 58 07072
23 68 07437
23 114 07960
23 176 11709
23 195 08090
23 222 09692
22 34 03658
22 53 07033
22 56 01508
22 73 04871
22 120 06464
22 145 09324
21 27 01873
21 62 07424
21 65 07811
21 71 03782
21 138 09594
21 184 11666
21 188 04280
21 230 08276
21 233 04409
21 240 08207
20 40 07068
20 75 02897
20 89 05690
20 116 02095
20 127 11837
20 164 06088
20 190 09529
20 194 09349
20 220 10072
20 247 07725
19 70 06872
19 79 08364
19 84 03540
19 100 06397
19 103 05319
19 174 01925
19 179 08733
19 192 09085
19 243 09323
18 35 11609
18 51 11645
18 86 02813
18 94 11772
18 141 06466
17 41 10519
17 81 05763
17 121 09728
17 134 10171
17 158 10542
17 170 07756
17 182 09423
17 223 11337
17 229 06676
16 54 07406
16 98 11623
16 99 10210
16 117 05134
16 129 09325
16 140 07952
16 147 07171
16 166 11475
16 178 06981
16 236 07388
15 24 04507
15 39 09051
15 49 10519
15 58 10462
15 66 11797
15 80 08217
15 114 09104
15 149 04256
15 163 05589
15 202 08786
15 204 11074
15 209 04580
15 211 04000
15 222 07726
15 225 07498
14 18 07335
14 51 09603
14 86 09145
14 129 10737
14 133 06649
14 166 08096
13 19 08927
13 100 02560
13 103 08741
13 129 10843
13 133 06257
13 162 11602
13 174 09377
13 192 08128
12 28 06032
12 35 06079
12 36 08058
12 41 06364
12 88 07461
12 94 08239
12 113 09906
12 121 08542
12 170 11918
12 182 06361
12 198 05807
12 242 08457
11 30 08689
11 43 10208
11 82 03687
11 85 06928
11 143 08708
11 152 04140
11 175 09935
11 207 11101
11 212 09716
11 244 07397
11 246 06678
10 105 11028
10 106 11976
10 123 00886
10 175 07429
10 246 09977
9 23 03526
9 33 08216
9 58 10398
9 68 09604
9 114 11445
9 142 10955
9 195 04585
8 11 04709
8 30 03985
8 43 09334
8 82 07286
8 85 11331
8 143 07437
8 152 00702
8 179 09533
8 207 09011
8 210 10661
8 212 05604
8 221 11895
8 244 02711
8 246 09709
7 42 11616
7 57 06795
7 65 09235
7 71 11091
7 101 10577
7 125 02442
7 148 02175
7 157 00516
7 181 05778
7 184 04976
7 188 10982
7 197 06984
7 230 06107
6 16 04529
6 54 11235
6 98 09893
6 99 11022
6 117 08821
6 129 05363
6 140 10829
6 147 07924
6 166 06998
6 178 07007
6 236 05556
5 26 03351
5 32 11054
5 55 11131
5 67 10880
5 77 05505
5 102 03834
5 104 11574
5 217 09458
5 226 11433
4 5 11184
4 26 08347
4 55 06425
4 77 10733
4 78 02559
4 112 08751
4 128 04751
4 138 11375
4 159 10114
4 239 03883
4 240 11344
3 37 08512
3 45 11902
3 67 09725
3 76 08069
3 115 09861
3 153 04799
3 228 07635
3 241 07024
2 14 08765
2 18 07425
2 42 11456
2 51 05083
2 79 11759
2 86 05980
2 108 09627
2 110 11746
2 141 11373
1 72 06506
1 107 07484
1 130 10203
1 150 10908
1 164 11039
1 189 09582
1 194 11069
1 200 09550
1 203 08567
1 220 10428
0 15 05719
0 24 10191
0 44 06471
0 49 04849
0 58 09955
0 59 10657
0 68 11816
0 80 06821
0 97 07705
0 114 09610
0 149 09659
0 160 11714
0 163 09368
0 176 08927
0 191 10711
0 202 04678
0 204 05476
0 209 09511
0 211 08438
0 222 07573
0 225 02383
